300086828
300086828
300086828
300086828
300086828
300086828
300677432
300677432
300677432
300677432
300677432
300677432
300677432
300661307
300661307
300661307
300661307
300661307
300661307
300661307
126104644
126104644
126104644
126104644
126104644
126104644
126104644
121815137
121815137
121815137
121815137
121815137
121815137
121815137
300046488
300046488
300046488
300046488
300046488
300046488
300046488
145892761
145892761
145892761
145892761
145892761
145892761
145892761
300642659
300642659
300642659
300642659
300642659
300642659
300642659
301245799
301245799
301245799
301245799
301245799
301245799
301245799
300573266
300573266
300573266
300573266
300573266
300573266
300573266
134963680
134963680
134963680
134963680
134963680
134963680
134963680
300541642
300541642
300541642
300541642
300541642
300541642
300541642
300513301
300513301
300513301
300513301
300513301
300513301
300513301
300092425
300092425
300092425
300092425
300092425
300092425
300092425
300549920
300549920
300549920
300549920
300549920
300549920
300549920
300610469
300610469
300610469
300610469
300610469
300610469
300610469
300611261
300611261
300611261
300611261
300611261
300611261
300611261
300141395
300141395
300141395
300141395
300141395
300141395
300141395
126156299
126156299
126156299
126156299
126156299
126156299
126156299
145751974
145751974
145751974
145751974
145751974
145751974
145751974
125913080
125913080
125913080
125913080
125913080
125913080
125913080
301295581
301295581
301295581
301295581
301295581
301295581
301295581
300631716
300631716
300631716
300631716
300631716
300631716
300631716
142131391
142131391
142131391
142131391
142131391
142131391
142131391
160427584
160427584
160427584
160427584
160427584
160427584
160427584
147437680
147437680
147437680
147437680
147437680
147437680
147437680
187903367
187903367
187903367
187903367
187903367
187903367
187903367
125859857
125859857
125859857
125859857
125859857
125859857
124643073
124643073
124643073
124643073
124643073
124643073
124643073
300014907
300014907
300014907
300014907
300014907
300014907
300014907
181384595
181384595
181384595
181384595
181384595
181384595
181384595
300001016
300001016
300001016
300001016
300001016
300001016
300001016
125916386
125916386
125916386
125916386
125916386
125916386
125916386
148370099
148370099
148370099
148370099
148370099
148370099
148370099
145361942
145361942
145361942
145361942
145361942
145361942
145361942
171769913
171769913
171769913
171769913
171769913
171769913
171769913
163672667
163672667
163672667
163672667
163672667
163672667
136012767
136012767
136012767
136012767
136012767
136012767
136012767
300714329
300714329
300714329
300714329
300714329
300714329
300714329
180238349
180238349
180238349
180238349
180238349
180238349
180238349
144679988
144679988
144679988
144679988
144679988
144679988
144679988
300638365
300638365
300638365
300638365
300638365
300638365
300638365
136028223
136028223
136028223
136028223
136028223
136028223
136028223
300885764
300885764
300885764
300885764
300885764
300885764
300885764
300007720
300007720
300007720
300007720
300007720
300007720
300007720
133999613
133999613
133999613
133999613
133999613
133999613
133999613
163691258
163691258
163691258
163691258
163691258
163691258
300524835
300524835
300524835
300524835
300524835
300524835
300524835
161168177
161168177
161168177
161168177
161168177
161168177
161168177
163745371
163745371
163745371
163745371
163745371
163745371
163745371
135928725
135928725
135928725
135928725
135928725
135928725
135928725
122086661
122086661
122086661
122086661
122086661
122086661
122086661
300552838
300552838
300552838
300552838
300552838
300552838
300552838
301151969
301151969
301151969
301151969
301151969
301151969
301151969
123993028
123993028
123993028
123993028
123993028
123993028
123993028
151004973
151004973
151004973
151004973
151004973
151004973
145435759
145435759
145435759
145435759
145435759
145435759
145435759
142047833
142047833
142047833
142047833
142047833
142047833
142047833
126112744
126112744
126112744
126112744
126112744
126112744
126112744
300730550
300730550
300730550
300730550
300730550
300730550
300730550
300155676
300155676
300155676
300155676
300155676
300155676
300155676
300916537
300916537
300916537
300916537
300916537
300916537
300916537
300134283
300134283
300134283
300134283
300134283
300134283
300153052
300153052
300153052
300153052
300153052
300153052
300153052
300629028
300629028
300629028
300629028
300629028
300629028
300629028
151481679
151481679
151481679
151481679
151481679
151481679
151481679
300608226
300608226
300608226
300608226
300608226
300608226
300608226
150086679
150086679
150086679
150086679
150086679
150086679
150086679
301264536
301264536
301264536
301264536
301264536
301264536
301264536
135562950
135562950
135562950
135562950
135562950
135562950
135562950
300526537
300526537
300526537
300526537
300526537
300526537
300526537
300117234
300117234
300117234
300117234
300117234
300117234
301233583
301233583
301233583
301233583
301233583
301233583
301233583
300501427
300501427
300501427
300501427
300501427
300501427
300501427
300105118
300105118
300105118
300105118
300105118
300105118
300105118
301161600
301161600
301161600
301161600
301161600
301161600
301161600
300620869
300620869
300620869
300620869
300620869
300620869
300620869
300515124
300515124
300515124
300515124
300515124
300515124
300008904
300008904
300008904
300008904
300008904
300008904
300008904
170612058
170612058
170612058
170612058
170612058
170612058
170612058
136027655
136027655
136027655
136027655
136027655
136027655
136027655
300050910
300050910
300050910
300050910
300050910
300050910
300050910
159798731
159798731
159798731
159798731
159798731
159798731
300120771
300120771
300120771
300120771
300120771
300120771
300120771
136023977
136023977
136023977
136023977
136023977
136023977
136023977
300143161
300143161
300143161
300143161
300143161
300143161
300143161
300639104
300639104
300639104
300639104
300639104
300639104
300639104
300577909
300577909
300577909
300577909
300577909
300577909
300577909
301061557
301061557
301061557
301061557
301061557
301061557
301061557
135517147
135517147
135517147
135517147
135517147
135517147
135517147
300101721
300101721
300101721
300101721
300101721
300101721
300101721
300581971
300581971
300581971
300581971
300581971
300581971
300581971
123171157
123171157
123171157
123171157
123171157
123171157
123171157
300576351
300576351
300576351
300576351
300576351
300576351
300576351
300036309
300036309
300036309
300036309
300036309
300036309
300036309
300079876
300079876
300079876
300079876
300079876
300079876
300079876
300076780
300076780
300076780
300076780
300076780
300076780
300076780
300539673
300539673
300539673
300539673
300539673
300539673
300539673
242082810
242082810
242082810
242082810
242082810
242082810
242082810
301451532
301451532
301451532
301451532
301451532
301451532
301451532
121196763
121196763
121196763
121196763
121196763
121196763
121196763
300615174
300615174
300615174
300615174
300615174
300615174
300558008
300558008
300558008
300558008
300558008
300558008
300145187
300145187
300145187
300145187
300145187
300145187
300145187
300013698
300013698
300013698
300013698
300013698
300013698
300013698
300607786
300607786
300607786
300607786
300607786
300607786
300607786
300092546
300092546
300092546
300092546
300092546
300092546
300092546
135707659
135707659
135707659
135707659
135707659
135707659
135707659
300561043
300561043
300561043
300561043
300561043
300561043
300561043
300500962
300500962
300500962
300500962
300500962
300500962
300500962
148439481
148439481
148439481
148439481
148439481
148439481
148439481
301151079
301151079
301151079
301151079
301151079
301151079
301151079
300074224
300074224
300074224
300074224
300074224
300074224
300074224
300029510
300029510
300029510
300029510
300029510
135865748
135865748
135865748
135865748
135865748
135865748
135865748
300611603
300611603
300611603
300611603
300611603
300611603
300611603
300108121
300108121
300108121
300108121
300108121
300108121
300108121
300529558
300529558
300529558
300529558
300529558
300529558
300529558
300501733
300501733
300501733
300501733
300501733
300501733
300501733
126042192
126042192
126042192
126042192
126042192
126042192
126042192
142151650
142151650
142151650
142151650
142151650
142151650
142151650
300807534
300807534
300807534
300807534
300807534
300807534
300548341
300548341
300548341
300548341
300548341
300548341
300548341
300021392
300021392
300021392
300021392
300021392
300021392
300021392
300648548
300648548
300648548
300648548
300648548
300648548
300648548
147351224
147351224
147351224
147351224
147351224
147351224
147351224
300090260
300090260
300090260
300090260
300090260
300090260
300090260
300106540
300106540
300106540
300106540
300106540
300106540
300106540
300917653
300917653
300917653
300917653
300917653
300917653
300917653
126331193
126331193
126331193
126331193
126331193
126331193
126331193
155588995
155588995
155588995
155588995
155588995
155588995
155588995
300081222
300081222
300081222
300081222
300081222
300081222
300081222
300607373
300607373
300607373
300607373
300607373
300607373
300607373
300655724
300655724
300655724
300655724
300655724
300655724
300655724
162947683
162947683
162947683
162947683
162947683
300601349
300601349
300601349
300601349
300601349
300601349
300601349
141642810
141642810
141642810
141642810
141642810
141642810
141642810
159649463
159649463
159649463
159649463
159649463
159649463
159649463
181375774
181375774
181375774
181375774
181375774
181375774
181375774
164687686
164687686
164687686
164687686
164687686
164687686
164687686
174959031
174959031
174959031
174959031
174959031
174959031
174959031
121021059
121021059
121021059
121021059
121021059
121021059
121021059
135744262
135744262
135744262
135744262
135744262
135744262
135744262
154229968
154229968
154229968
154229968
154229968
154229968
154229968
120404147
120404147
120404147
120404147
120404147
120404147
120404147
147043632
147043632
147043632
147043632
147043632
147043632
147043632
147978312
147978312
147978312
147978312
147978312
147978312
147978312
183130040
183130040
183130040
183130040
183130040
183130040
183130040
124717641
124717641
124717641
124717641
124717641
124717641
124717641
123904684
123904684
123904684
123904684
123904684
123904684
123904684
177977337
177977337
177977337
177977337
177977337
177977337
177977337
125169233
125169233
125169233
125169233
125169233
125169233
125169233
163320192
163320192
163320192
163320192
163320192
163320192
163320192
152113178
152113178
152113178
152113178
152113178
152113178
152113178
151445252
151445252
151445252
151445252
151445252
151445252
151445252
157009361
157009361
157009361
157009361
157009361
157009361
157009361
174940999
174940999
174940999
174940999
174940999
174940999
174940999
135097049
135097049
135097049
135097049
135097049
135097049
135097049
144620979
144620979
144620979
144620979
144620979
144620979
144620979
122762584
122762584
122762584
122762584
122762584
122762584
122762584
235674320
235674320
235674320
235674320
235674320
235674320
235674320
123855155
123855155
123855155
123855155
123855155
123855155
235302010
235302010
235302010
235302010
235302010
235302010
124426066
124426066
124426066
124426066
124426066
124426066
124426066
181265160
181265160
181265160
181265160
181265160
181265160
300034176
300034176
300034176
300034176
300034176
300034176
300034176
110034728
110034728
110034728
110034728
110034728
110034728
110034728
145146224
145146224
145146224
145146224
145146224
145146224
145146224
134862845
134862845
134862845
134862845
134862845
134862845
134862845
144998441
144998441
144998441
144998441
144998441
144998441
144998441
145383796
145383796
145383796
145383796
145383796
145383796
145383796
124263498
124263498
124263498
124263498
124263498
124263498
124263498
147881475
147881475
147881475
147881475
147881475
147881475
147881475
178658513
178658513
178658513
178658513
178658513
178658513
178658513
120206254
120206254
120206254
120206254
120206254
120206254
120206254
183836654
183836654
183836654
183836654
183836654
183836654
183836654
123541877
123541877
123541877
123541877
123541877
123541877
123541877
132210584
132210584
132210584
132210584
132210584
132210584
132210584
133165398
133165398
133165398
133165398
133165398
133165398
181251940
181251940
181251940
181251940
181251940
181251940
181251940
121331378
121331378
121331378
121331378
121331378
121331378
121331378
169178230
169178230
169178230
169178230
169178230
169178230
169178230
159784226
159784226
159784226
159784226
159784226
159784226
159784226
123439153
123439153
123439153
123439153
123439153
123439153
123439153
300502899
300502899
300502899
300502899
300502899
300502899
300502899
300087296
300087296
300087296
300087296
300087296
300087296
300087296
145216733
145216733
145216733
145216733
145216733
145216733
145216733
135813299
135813299
135813299
135813299
135813299
135813299
135813299
132684155
132684155
132684155
132684155
132684155
132684155
132684155
162582715
162582715
162582715
162582715
162582715
162582715
124231689
124231689
124231689
124231689
124231689
124231689
124231689
141956960
141956960
141956960
141956960
141956960
141956960
141956960
123070126
123070126
123070126
123070126
123070126
123070126
123070126
145113313
145113313
145113313
145113313
145113313
145113313
145113313
167571854
167571854
167571854
167571854
167571854
167571854
167571854
164210514
164210514
164210514
164210514
164210514
164210514
164210514
300594214
300594214
300594214
300594214
273905010
273905010
273905010
273905010
273905010
273905010
273905010
145438673
145438673
145438673
145438673
145438673
145438673
145438673
181387367
181387367
181387367
181387367
181387367
181387367
181387367
224142960
224142960
224142960
224142960
224142960
110602611
110602611
110602611
110602611
110602611
110602611
110602611
166792376
166792376
166792376
166792376
166792376
166792376
166792376
145410752
145410752
145410752
145410752
145410752
145410752
233414480
233414480
233414480
233414480
233414480
233414480
233414480
165100412
165100412
165100412
165100412
165100412
165100412
122627679
122627679
122627679
122627679
122627679
122627679
122627679
241952030
241952030
241952030
241952030
241952030
241952030
241952030
165787440
165787440
165787440
165787440
165787440
165787440
165787440
126361375
126361375
126361375
126361375
123034233
123034233
123034233
123034233
123034233
123034233
248326520
248326520
248326520
248326520
248326520
248326520
300621939
300621939
300621939
300621939
300621939
300621939
300621939
164819885
164819885
164819885
164819885
164819885
164819885
164819885
300095720
300095720
300095720
300095720
300095720
300095720
300095720
166796588
166796588
166796588
166796588
166796588
166796588
166796588
300047017
300047017
300047017
300047017
300047017
300047017
300047017
124481835
124481835
124481835
124481835
124481835
124481835
124481835
168565174
168565174
168565174
168565174
168565174
168565174
168565174
152411751
152411751
152411751
152411751
152411751
152411751
152411751
155413476
155413476
155413476
155413476
155413476
155413476
155413476
123444862
123444862
123444862
123444862
123444862
123444862
133691512
133691512
133691512
133691512
133691512
133691512
133691512
181270150
181270150
181270150
181270150
181270150
140665254
140665254
140665254
140665254
140665254
140665254
140665254
149949156
149949156
149949156
149949156
149949156
149949156
149949156
124655428
124655428
124655428
124655428
124655428
124655428
124655428
110804335
110804335
110804335
110804335
110804335
110804335
110804335
133758092
133758092
133758092
133758092
133758092
133758092
133758092
300129126
300129126
300129126
300129126
300129126
300129126
300129126
173821771
173821771
173821771
173821771
173821771
173821771
173821771
123037158
123037158
123037158
123037158
123037158
123037158
133209065
133209065
133209065
133209065
133209065
133209065
133209065
167205045
167205045
167205045
167205045
150151917
150151917
150151917
150151917
150151917
150151917
150151917
152660197
152660197
152660197
152660197
152660197
152660197
152660197
165842495
165842495
165842495
165842495
165842495
165842495
165842495
124851836
124851836
124851836
124851836
124851836
124851836
124851836
275830930
275830930
275830930
275830930
275830930
275830930
275830930
144715427
144715427
144715427
144715427
144715427
144715427
144715427
174335968
174335968
174335968
174335968
174335968
174335968
174335968
178267685
178267685
178267685
178267685
178267685
178267685
178267685
124130843
124130843
124130843
124130843
124130843
124130843
124130843
223277720
223277720
223277720
223277720
223277720
223277720
223277720
140287491
140287491
140287491
140287491
140287491
140287491
140287491
154215267
154215267
154215267
154215267
154215267
154215267
177016534
177016534
177016534
177016534
177016534
177016534
177016534
133434368
133434368
133434368
133434368
133434368
133434368
133434368
133472073
133472073
133472073
133472073
133472073
133472073
133472073
123841554
123841554
123841554
123841554
123841554
123841554
124142621
124142621
124142621
124142621
124142621
124142621
124142621
152631530
152631530
152631530
152631530
152631530
152631530
152631530
141525732
141525732
141525732
141525732
141525732
141525732
141525732
133699555
133699555
133699555
133699555
133699555
133699555
133699555
134155268
134155268
134155268
134155268
134155268
134155268
134155268
166705179
166705179
166705179
166705179
166705179
121450998
121450998
121450998
121450998
121450998
121450998
121450998
120125820
120125820
120125820
120125820
120125820
120125820
120125820
121675361
121675361
121675361
121675361
121675361
121675361
121675361
180238153
180238153
180238153
180238153
180238153
180238153
163659577
163659577
163659577
163659577
163659577
163659577
163659577
164689018
164689018
164689018
164689018
164689018
164689018
164689018
178708763
178708763
178708763
178708763
178708763
178708763
178708763
163237017
163237017
163237017
163237017
163237017
163237017
163237017
181682645
181682645
181682645
181682645
181682645
258973310
258973310
258973310
258973310
258973310
258973310
258973310
158972556
158972556
158972556
158972556
158972556
158972556
158972556
120231994
120231994
120231994
120231994