248326520
258973310
273905010
275830930
300001016
300007720
300008904
300013698
300014907
300021392
300029510
300034176
300036309
300046488
300047017
300050910
300074224
300076780
300079876
300081222
300086828
300087296
300090260
300092425
300092546
300095720
300101721
300105118
300106540
300108121
300117234
300120771
300129126
300134283
300141395
300143161
300145187
300153052
300155676
300500962
300501427
300501733
300502899
300513301
300515124
300524835
300526537
300529558
300539673
300541642
300548341
300549920
300552838
300558008
300561043
300573266
300576351
300577909
300581971
300594214
300601349
300607373
300607786
300608226
300610469
300611261
300611603
300615174
300620869
300621939
300629028
300631716
300638365
300639104
300642659
300648548
300655724
300661307
300677432
300714329
300730550
300807534
300885764
300916537
300917653
301061557
301151079
301151969
301161600
301233583
301245799
301264536
301295581
301451532
